1.427839845418930054e-01 1.371249109506607056e-01 -4.206667542457580566e-01
-8.449220061302185059e-01 -8.891008049249649048e-02 5.104620456695556641e-01
6.540303230285644531e-01 -8.246086537837982178e-02 5.052831768989562988e-01
-1.046867892146110535e-01 2.197724878787994385e-01 5.051854252815246582e-01
-5.118106007575988770e-01 -2.293271757662296295e-02 -7.058976292610168457e-01
6.512942314147949219e-01 -1.333707943558692932e-02 -1.062815487384796143e-01
6.513919830322265625e-01 -2.293271757662296295e-02 -7.163531780242919922e-01
1.428816914558410645e-01 -9.447984397411346436e-02 1.110020354390144348e-01
3.326447606086730957e-01 2.195770591497421265e-01 5.000064969062805176e-01
-9.644059836864471436e-02 -2.314769290387630463e-02 -7.176235318183898926e-01
1.187460198998451233e-01 -9.252553433179855347e-02 5.088009238243103027e-01
-6.080602407455444336e-01 2.180136144161224365e-01 4.955116212368011475e-01
2.583811581134796143e-01 -1.768540963530540466e-02 -7.176235318183898926e-01
-5.071203112602233887e-01 -2.824843302369117737e-02 -3.510935008525848389e-01
6.379072666168212891e-01 2.199678868055343628e-01 5.000064969062805176e-01
-3.153052330017089844e-01 8.385053277015686035e-02 1.946463286876678467e-01
-3.522416055202484131e-01 1.486162245273590088e-01 5.107552409172058105e-01
-8.486351966857910156e-01 1.568633764982223511e-01 5.051854252815246582e-01
-2.037143856287002563e-01 -3.291921690106391907e-02 5.097780227661132812e-01
6.531508564949035645e-01 -1.774403825402259827e-02 -3.686822652816772461e-01
3.416345417499542236e-01 9.137460589408874512e-02 -5.318667292594909668e-01
1.093653589487075806e-01 8.385053277015686035e-02 -4.025143384933471680e-02
6.552028656005859375e-01 2.738087251782417297e-02 3.239236176013946533e-01
6.529554128646850586e-01 -1.809580996632575989e-02 1.100248768925666809e-01
4.893800616264343262e-01 -1.169546134769916534e-02 -2.355940341949462891e-01
2.500753402709960938e-01 -9.447984397411346436e-02 -6.228623539209365845e-02
2.914089262485504150e-01 -9.447984397411346436e-02 2.677373290061950684e-01
-3.357277214527130127e-01 -9.447984397411346436e-02 -4.088432192802429199e-01
2.583811581134796143e-01 3.309721499681472778e-02 5.107552409172058105e-01
1.416113823652267456e-01 8.385053277015686035e-02 -2.276791036128997803e-01
-3.042611107230186462e-02 2.484027668833732605e-02 5.107552409172058105e-01
1.180620193481445312e-01 -8.920321613550186157e-02 -6.643686294555664062e-01
-2.083070129156112671e-01 8.385053277015686035e-02 -3.513866364955902100e-01
-2.119224667549133301e-01 6.609077751636505127e-02 -6.623166203498840332e-01
6.542257070541381836e-01 6.611227989196777344e-02 4.823201000690460205e-01
-3.927934467792510986e-01 8.314698189496994019e-02 -6.550857424736022949e-01
2.562561305239796638e-03 -9.447984397411346436e-02 -9.529053419828414917e-02
-5.517739430069923401e-02 -9.447984397411346436e-02 -2.272882312536239624e-01
-1.323431432247161865e-01 8.352807164192199707e-02 1.377760171890258789e-01
5.874884873628616333e-02 8.385053277015686035e-02 3.815756142139434814e-01
-4.522043168544769287e-01 6.205611675977706909e-02 -2.603160142898559570e-01
5.951079726219177246e-01 -9.447984397411346436e-02 -2.686218023300170898e-01
-4.677410721778869629e-01 2.195770591497421265e-01 5.000064969062805176e-01
5.307136178016662598e-01 -9.447984397411346436e-02 1.192101240158081055e-01
-4.430190622806549072e-01 -9.447984397411346436e-02 -6.151201725006103516e-01
4.585043340921401978e-02 1.538439840078353882e-01 -5.237563848495483398e-01
3.833589851856231689e-01 6.356288492679595947e-02 -1.347745209932327271e-02
-3.043588809669017792e-02 7.451872527599334717e-02 -6.622188687324523926e-01
4.069083631038665771e-01 -1.235015410929918289e-02 -1.200457289814949036e-01
-4.559175074100494385e-01 -9.320954978466033936e-02 -4.473430216312408447e-01
4.069083631038665771e-01 -1.169546134769916534e-02 1.027939543128013611e-01
-6.981536746025085449e-01 -9.252553433179855347e-02 5.083123445510864258e-01
-5.108334422111511230e-01 -2.693904750049114227e-02 -1.998302638530731201e-01
-5.089769363403320312e-01 -1.250649988651275635e-02 4.080564379692077637e-01
1.654539108276367188e-01 1.458410918712615967e-01 -5.475988984107971191e-01
3.011826798319816589e-02 -2.715402096509933472e-02 -7.163531780242919922e-01
-5.919125396758317947e-03 8.385053277015686035e-02 -7.002528011798858643e-02
4.151164293289184570e-01 -9.447984397411346436e-02 -2.850379645824432373e-01
-9.578297287225723267e-02 -8.851920813322067261e-02 5.099735260009765625e-01
-2.532560229301452637e-01 -2.314769290387630463e-02 -7.176235318183898926e-01
-1.459451168775558472e-01 -9.447984397411346436e-02 -4.526728298515081406e-03
6.504148244857788086e-01 -1.352273579686880112e-02 -2.144875377416610718e-01
4.811719655990600586e-01 -1.195929385721683502e-02 -7.125422954559326172e-01
-4.507385790348052979e-01 -9.447984397411346436e-02 -1.283026635646820068e-01
8.327537775039672852e-02 8.385053277015686035e-02 2.427222430706024170e-01
6.503170728683471680e-01 -1.352273579686880112e-02 -6.020263433456420898e-01
1.817723512649536133e-01 8.385053277015686035e-02 -1.203193292021751404e-01
2.171452939510345459e-01 -9.447984397411346436e-02 3.673843294382095337e-02
5.993097424507141113e-01 -9.311183542013168335e-02 -6.561605930328369141e-01
2.831031084060668945e-01 -9.447984397411346436e-02 -6.561605930328369141e-01
5.993097424507141113e-01 -9.311183542013168335e-02 -5.403905734419822693e-02
-4.449733793735504150e-01 7.682480663061141968e-02 -1.278366986662149429e-02
3.869744241237640381e-01 -1.230154302902519703e-03 2.595292627811431885e-01
1.907644607126712799e-02 -6.594698131084442139e-02 5.107552409172058105e-01
2.171452939510345459e-01 8.287337422370910645e-02 1.852656453847885132e-01
1.648676395416259766e-01 2.179158776998519897e-01 5.091917514801025391e-01
-2.958599030971527100e-01 8.385053277015686035e-02 2.920684218406677246e-01
5.210419744253158569e-02 -9.447984397411346436e-02 4.494651034474372864e-02
9.334004670381546021e-02 -9.447984397411346436e-02 4.080564379692077637e-01
-1.184284910559654236e-01 8.630318939685821533e-02 -4.173444509506225586e-01
-5.997543931007385254e-01 -9.447984397411346436e-02 3.997506797313690186e-01
6.007754206657409668e-01 -8.910549432039260864e-02 5.325230211019515991e-02
3.491586446762084961e-01 -2.314769290387630463e-02 -7.176235318183898926e-01
9.334004670381546021e-02 8.287337422370910645e-02 5.325230211019515991e-02
6.536394357681274414e-01 -1.758769340813159943e-02 3.417522413656115532e-03
-8.487328886985778809e-01 6.610152870416641235e-02 4.906258583068847656e-01
2.006314098834991455e-01 -9.447984397411346436e-02 3.420009315013885498e-01
-7.087069153785705566e-01 2.215313613414764404e-01 4.348304569721221924e-01
4.379840567708015442e-02 7.435260713100433350e-02 5.107552409172058105e-01
-8.225451707839965820e-01 -9.447984397411346436e-02 4.080564379692077637e-01
3.795480728149414062e-01 7.307253777980804443e-02 7.181821763515472412e-02
5.636436343193054199e-01 -1.185180712491273880e-02 -7.058976292610168457e-01
-1.872005015611648560e-01 2.197724878787994385e-01 5.051854252815246582e-01
1.174779981374740601e-02 9.137460589408874512e-02 -4.825205504894256592e-01
6.379072666168212891e-01 1.486162245273590088e-01 4.594547152519226074e-01
-8.438471555709838867e-01 -9.360039979219436646e-02 2.190751135349273682e-01
2.473393231630325317e-01 2.179158776998519897e-01 5.091917514801025391e-01
3.096816539764404297e-01 8.385053277015686035e-02 9.378152899444103241e-03
-4.531815052032470703e-01 3.308744356036186218e-02 -1.860621720552444458e-01
3.822864219546318054e-02 8.385053277015686035e-02 -5.152110941708087921e-03
-2.367421537637710571e-01 -9.447984397411346436e-02 3.090708851814270020e-01
-6.343433260917663574e-02 -9.447984397411346436e-02 1.275159120559692383e-01
-8.449220061302185059e-01 -8.167939260601997375e-03 5.104620456695556641e-01
-7.978232502937316895e-01 2.195770591497421265e-01 5.000064969062805176e-01
-4.507385790348052979e-01 6.695263087749481201e-02 -5.986062884330749512e-01
3.079228103160858154e-01 8.287337422370910645e-02 3.172789812088012695e-01
-5.517739430069923401e-02 -9.447984397411346436e-02 3.503067493438720703e-01
-1.129368916153907776e-01 -9.447984397411346436e-02 -1.695580631494522095e-01
-3.710006922483444214e-02 8.368441462516784668e-02 3.026662161573767662e-03
-4.586535096168518066e-01 -5.764118582010269165e-02 -3.751540929079055786e-02
-3.042611107230186462e-02 2.195770591497421265e-01 5.000064969062805176e-01
4.069083631038665771e-01 2.199678868055343628e-01 5.000064969062805176e-01
1.907644607126712799e-02 -9.447984397411346436e-02 -2.103084139525890350e-02
-2.944918870925903320e-01 -9.447984397411346436e-02 -1.860523819923400879e-01
-1.294507682323455811e-01 -2.467205375432968140e-02 5.097780227661132812e-01
-5.115174651145935059e-01 -1.840850152075290680e-02 -5.732002854347229004e-01
6.531508564949035645e-01 -1.774403825402259827e-02 -2.861128449440002441e-01
-2.449502348899841309e-01 8.287337422370910645e-02 -1.695580631494522095e-01
3.559032827615737915e-02 -9.447984397411346436e-02 -6.481479406356811523e-01
1.208957508206367493e-01 -2.715402096509933472e-02 -7.163531780242919922e-01
-3.110057413578033447e-01 -9.447984397411346436e-02 3.673843294382095337e-02
3.304949998855590820e-01 8.383098989725112915e-02 -5.726366117596626282e-02
5.306158661842346191e-01 -8.920321613550186157e-02 -6.643686294555664062e-01
3.559032827615737915e-02 8.900234388420358300e-05 5.107552409172058105e-01
3.333287537097930908e-01 8.378212898969650269e-02 -2.691103816032409668e-01
-2.119224667549133301e-01 -9.447984397411346436e-02 1.687517613172531128e-01
5.808415412902832031e-01 -8.871464431285858154e-02 5.103643536567687988e-01
-4.498591721057891846e-01 8.200371265411376953e-02 -5.161345601081848145e-01
1.180620193481445312e-01 -9.447984397411346436e-02 -1.365498304367065430e-01
1.035024449229240417e-01 9.291850775480270386e-02 4.594547152519226074e-01
5.472275018692016602e-01 2.200656235218048096e-01 5.052831768989562988e-01
4.893800616264343262e-01 -9.447984397411346436e-02 3.172789812088012695e-01
3.821863830089569092e-01 -9.447984397411346436e-02 -4.578211903572082520e-02
-7.813093662261962891e-01 -9.447984397411346436e-02 3.172789812088012695e-01
-1.381474286317825317e-01 8.385053277015686035e-02 3.518702089786529541e-01
6.540303230285644531e-01 -2.314769290387630463e-02 3.833344876766204834e-01
4.234222471714019775e-01 -1.169546134769916534e-02 -3.923293352127075195e-01
-8.487328886985778809e-01 -3.290944918990135193e-02 2.512234449386596680e-01
5.636436343193054199e-01 -9.447984397411346436e-02 3.090708851814270020e-01
7.682617008686065674e-02 -9.447984397411346436e-02 1.027939543128013611e-01
-9.643669426441192627e-02 -9.447984397411346436e-02 -3.841212689876556396e-01
1.758117228746414185e-01 -9.447984397411346436e-02 -1.277390029281377792e-02
9.509892016649246216e-02 1.571174263954162598e-01 -4.562351405620574951e-01
9.207203052937984467e-03 8.385053277015686035e-02 -1.529562324285507202e-01
3.051867485046386719e-01 8.044026792049407959e-02 -6.543039679527282715e-01
1.841175258159637451e-01 -1.336639747023582458e-02 -7.163531780242919922e-01
4.069083631038665771e-01 -9.447984397411346436e-02 3.585148155689239502e-01
3.656724989414215088e-01 -7.415506988763809204e-02 5.107552409172058105e-01
-8.487328886985778809e-01 -7.415506988763809204e-02 3.585148155689239502e-01
-4.528883397579193115e-01 4.944498464465141296e-02 -6.554765701293945312e-01
-1.954085826873779297e-01 -9.447984397411346436e-02 -5.402928963303565979e-02
-2.216917648911476135e-02 -9.447984397411346436e-02 -2.768298983573913574e-01
2.748950421810150146e-01 -9.447984397411346436e-02 3.710665972903370857e-03
-3.026999533176422119e-01 -9.447984397411346436e-02 9.448815137147903442e-02
-7.168150693178176880e-02 -9.447984397411346436e-02 -6.561605930328369141e-01
1.016458496451377869e-01 2.180136144161224365e-01 4.955116212368011475e-01
9.334004670381546021e-02 1.465544253587722778e-01 -5.560024380683898926e-01
-7.993844896554946899e-02 -9.447984397411346436e-02 -1.277390029281377792e-02
-3.110057413578033447e-01 -9.447984397411346436e-02 -5.402928963303565979e-02
-4.586535096168518066e-01 -4.943310096859931946e-02 -3.262737989425659180e-01
-8.060312867164611816e-01 1.073608174920082092e-01 5.107552409172058105e-01
-4.182971119880676270e-01 8.287337422370910645e-02 -7.054316997528076172e-02
-4.340292811393737793e-01 8.203302323818206787e-02 -2.100903391838073730e-01
2.750904560089111328e-01 8.385053277015686035e-02 -2.848425507545471191e-01
-3.299624919891357422e-01 8.385053277015686035e-02 3.373106122016906738e-01
6.007754206657409668e-01 -8.910549432039260864e-02 4.162645637989044189e-01
-1.459451168775558472e-01 3.305813297629356384e-02 5.097780227661132812e-01
-1.324777118861675262e-02 9.137460589408874512e-02 -5.317690372467041016e-01
1.594955474138259888e-02 1.347113251686096191e-01 -5.657739043235778809e-01
1.461063027381896973e-01 8.385053277015686035e-02 -1.729487627744674683e-01
1.496240496635437012e-01 1.541468948125839233e-01 -4.748987257480621338e-01
4.646580815315246582e-01 -9.447984397411346436e-02 4.905281364917755127e-01
-1.585699170827865601e-01 8.385053277015686035e-02 2.175116837024688721e-01
-5.118106007575988770e-01 -2.293271757662296295e-02 -6.398420929908752441e-01
3.559032827615737915e-02 -4.132273420691490173e-02 -6.642709374427795410e-01
6.031228974461555481e-02 -9.447984397411346436e-02 4.905281364917755127e-01
-6.932679414749145508e-01 2.179158776998519897e-01 5.091917514801025391e-01
5.210419744253158569e-02 -9.447984397411346436e-02 -6.228623539209365845e-02
-8.818560838699340820e-02 -9.447984397411346436e-02 -2.685240805149078369e-01
6.213933825492858887e-01 3.309721499681472778e-02 5.107552409172058105e-01
3.408528268337249756e-01 -9.447984397411346436e-02 1.357240080833435059e-01
-1.393177546560764313e-02 -8.920321613550186157e-02 -6.643686294555664062e-01
3.593210279941558838e-01 7.883773744106292725e-02 -6.583103537559509277e-01
4.646580815315246582e-01 1.073608174920082092e-01 5.107552409172058105e-01
-3.357277214527130127e-01 4.960132762789726257e-02 5.107552409172058105e-01
1.366279274225234985e-01 8.287337422370910645e-02 2.413315512239933014e-02
1.510897576808929443e-01 -4.943310096859931946e-02 -6.646617650985717773e-01
-4.430190622806549072e-01 -8.236314356327056885e-02 5.097780227661132812e-01
5.719494819641113281e-01 -9.447984397411346436e-02 1.201646681874990463e-02
3.869744241237640381e-01 -1.230154302902519703e-03 3.750286996364593506e-01
-5.007687807083129883e-01 -1.169546134769916534e-02 -4.578211903572082520e-02
-6.823238134384155273e-01 -9.447984397411346436e-02 2.348072975873947144e-01
6.861808151006698608e-02 -9.447984397411346436e-02 -1.277390029281377792e-02
1.676036417484283447e-01 -9.447984397411346436e-02 -6.228623539209365845e-02
6.458221673965454102e-01 1.651496440172195435e-01 5.107552409172058105e-01
-4.507385790348052979e-01 -8.910549432039260864e-02 -6.643686294555664062e-01
4.316303133964538574e-01 3.309721499681472778e-02 5.107552409172058105e-01
3.848246932029724121e-01 3.308744356036186218e-02 1.026962399482727051e-01
-8.450196981430053711e-01 2.060923278331756592e-01 4.931664764881134033e-01
-2.531583011150360107e-01 8.319583535194396973e-02 -2.190801501274108887e-01
-5.108334422111511230e-01 -2.693904750049114227e-02 -1.502983719110488892e-01
-6.343433260917663574e-02 -9.447984397411346436e-02 3.007650971412658691e-01
-2.861860692501068115e-01 8.287337422370910645e-02 -6.229600310325622559e-02
-5.674832966178655624e-03 -9.447984397411346436e-02 3.585148155689239502e-01
6.007754206657409668e-01 -8.910549432039260864e-02 3.668206036090850830e-01
3.862904310226440430e-01 -1.239931909367442131e-03 -2.521079182624816895e-01
-3.687554895877838135e-01 8.287337422370910645e-02 -2.355940341949462891e-01
3.763234913349151611e-01 7.711794972419738770e-02 -1.475428044795989990e-01
-7.286386191844940186e-02 8.385053277015686035e-02 -3.480643033981323242e-01
-6.487074494361877441e-02 8.385053277015686035e-02 -2.682309448719024658e-01
-7.971392273902893066e-01 -9.389355033636093140e-02 5.047945976257324219e-01
1.758117228746414185e-01 -9.447984397411346436e-02 -1.860523819923400879e-01
-1.046887487173080444e-01 -9.447984397411346436e-02 -1.117887943983078003e-01
-1.129368916153907776e-01 -9.447984397411346436e-02 -5.573704242706298828e-01
3.903944790363311768e-01 -9.447984397411346436e-02 -3.263715207576751709e-01
1.086836215108633041e-02 -9.447984397411346436e-02 -2.190801501274108887e-01
2.363951951265335083e-01 -9.320954978466033936e-02 -6.616325974464416504e-01
-4.616827070713043213e-01 -3.437517955899238586e-02 -2.218161821365356445e-01
-3.557593524456024170e-01 8.352807164192199707e-02 1.548761874437332153e-01
6.544211506843566895e-01 2.158635854721069336e-02 4.559369683265686035e-01
